0.0394133244066541
0.0224725849785709
0.0954492578394211
0.0602649461900169
0.0366387697592479
0.0282882960077519
0.0254225792453042
0.0346130639923062
0.0315640099826369
0.0355685953730472
0.0821098196598831
0.0394184521534418
0.0403678691341030
0.0271246116884901
0.0346357473326826
0.0263208008032142
0.0185573259228865
0.0184898840370303
0.0389457630204731
0.0710951697548188
0.0501122749383508
0.1336021583603364
0.1254127593634971
0.2538429453509353
0.1626811426492660
0.0844156881669929
0.0011228506486963
0.0221284396723670
0.0513302889447256
0.0534066279274785
0.0162587520647016
0.0095881724006843
0.0522928876598647
0.0162940846996973
0.0208185743831301
0.0223196562384117
0.0230088407217791
0.0214274710742643
0.0013376369309106
0.0185643536893693
0.0048283141557316
0.0234294147013914
0.0339461491154735
0.0010816960398693
0.0270308696863529
0.0118597185590357
0.2031024932416699
0.0010067516190876
