0.3794614041061153
0.1382475349271866
0.4324954825746465
0.2944929994515346
0.3891544857062387
0.2616390228124567
0.5312542713462926
0.2439003365586906
0.7105307334610813
0.2415668927242624
1.1473397491702979
0.2908370384526917
0.2346143546378596
0.4745752264862896
0.3288367334285009
0.3217648130619495
0.4162687898088310
0.2323223754544113
0.1787325855783336
0.3364399613779501
0.7454990956552798
0.1185826375828795
0.2295152987305157
0.4513316119580841
0.3631230997882941
0.1137296663122131
0.2164379316268938
0.2232464255040797
0.4378209516733507
1.2105622144117740
0.6558404915515596
0.3110327640524590
0.2391454614120262
0.4571926954154538
0.4874847962597339
0.4491940456881733
0.2794011175181315
0.4853498480130324
0.4234255660043493
0.3086254245128695
0.3591996066472445
0.2698408032791841
0.3323862437956077
0.2821381573209497
0.2822315005284374
0.3082219029906106
0.5470241528389899
0.2201501549624721
0.3896257785273664
0.1706897565029528
0.6135238507892047
0.3052488626687391
0.2470269096935268
0.3313277899256469
0.2407461814204785
0.5720575826931591
0.1823227215528347
0.2722435125970712
0.6383864726631262
0.1992618906928697
0.1881251345167412
0.5539854597896213
0.3739773643041917
0.5968921374847687
0.2534004590878811
0.4382582398225882
0.6435372692471348
0.1816474333525020
0.4149216882261830
