0.2763501797270767
0.9860928399193879
0.2809329808181038
0.1574751009620736
0.7538485800371715
0.3026633636509782
0.2583813229009748
0.3161763026545207
0.2827131482576883
0.3568040973056283
0.2851685332987681
0.3438257471949631
0.4622327036560819
0.1914366781832144
0.8214113605103575
0.3204085823930573
0.8258682318970647
0.1433326386965271
0.1879730797666277
0.3131803940859040
0.2073523748384407
0.2677865138565438
0.1328164494844936
0.2680775259181814
0.1530010060796401
0.4222487286900740
0.2607698302803534
0.3722759663056513
0.2253679769755894
0.1741870882604369
0.6191647581133400
0.9668692815843578
0.3180573438674672
0.5178371583470860
0.3437703526358814
0.2075316665035341
0.4521874926970832
0.2513935420786796
0.2991701306563029
0.3412597751913391
0.1712946851814349
0.2491540580283024
0.4645624243725006
0.4043145224606109
0.3777493391008436
0.6927022366449029
0.2849085095468376
0.1526302594945830
0.1604795054323067
0.2904281163739423
0.7522147191834772
0.1934121646076777
0.5177252458355581
0.1559458310615979
0.2879936702059661
0.2273437409532958
0.8398503475040066
0.2730969145575166
0.1836542908000516
0.1879078479054215
0.3617965734690021
0.1722711274352490
0.2441127271072408
0.5854450615875981
0.4257262561468023
0.1739286074537689
