0
253.42
252.6
0
0
839.56
253.08
253.2
237.34
841.28
833.68
0
317.81
478.16
153.47
0
507.05
0
557.37
451.24
0
0
0
394.05
324.01
0
0
259.13
397.81
406.13
0
0
393.31
1455.6
1458.9
0
582.21
0
320.18
185.05
0
395.77
394.08
396.76
329.54
338.62
0
397.16
0
396.62
0
550.77
0
0
0
0
327.94
0
396.27
372.53
688.11
0
398.05
396.62
0
0
791.84
0
390.9
579.36
689.55
690.48
677.81
394.27
0
686.86
0
718.98
579.95
807.01
687.82
357.09
356.88
688.02
0
690.58
378.38
0
357.64
362.55
0
0
721.32
0
0
393.02
686.64
357.8
356.21
0
691.46
0
354.13
0
692.28
362.33
361.04
0
690.61
696.17
0
362.47
360.71
426.42
421.77
674.98
357.67
352.85
0
687.26
357.56
0
698.33
358.91
357.46
0
670.53
0
0
362.54
704.18
393.37
362.23
429.39
431.58
0
706.77
345.48
337.9
475.95
334.75
476.22
357.65
338.1
329.98
328.24
673.5
0
0
463.5
465.71
362.14
362.54
0
0
475.78
361.9
366.31
0
315
0
330.4
405.9
328.26
0
0
406.4
0
223.99
473.47
358.36
0
813.68
329.61
20.595
338.39
0
19.448
475.99
333.38
753.95
271.67
470.42
476.09
0
0
0
0
487.05
359.31
406.8
451.84
0
472.12
406.39
402.3
406.81
0
373.37
406.23
490.72
500.47
439.1
403.11
476.04
475.98
389.76
401.82
474.56
477.9
401.88
475.85
405.8
372.35
437.65
193.06
686.46
514.82
404.29
473.15
406.59
0
405.36
0
216.43
473.78
0.010954
475.19
