0.0377794162756661
0.0491535642334133
0.0854205471789518
0.0759879492547860
0.0325390587995807
0.0226341062499776
0.0227631058148260
0.0430815440002051
0.0481025358229141
0.0776717144856456
0.0433495769068918
0.0969408557521830
0.0423103062788312
0.0459168522238043
0.0351427153753730
0.0125270557889777
0.0179890960699898
0.0236824276545511
0.0588973258687126
0.0824106395478771
0.0531619456833757
0.0643884229055516
0.1259691228635646
0.3803695617394033
0.1386747241009145
0.1068598241782781
0.0012431324681249
0.0185880629069618
0.0485494911839309
0.0342442187658960
0.0152664061774634
0.0053883773695787
0.0287749253689219
0.0151714275175321
0.0082934969616090
0.0240628696059508
0.0259745352820830
0.0272366493353620
0.0014502220488384
0.0080976678864077
0.0049407597876653
0.0267138926391821
0.0527298661728751
0.0012951999011371
0.0156107410125995
0.0086066469198977
0.2701674859173999
0.0011463130101113
